Instances\p1 
Result: 13037 
Status of facilities: [1, 1, 1, 1, 1, 1, 1, 1, 1, 1] 
The assignment of customers to facilities: [1, 5, 8, 8, 9, 9, 5, 9, 8, 0, 6, 6, 8, 9, 0, 9, 2, 0, 3, 9, 1, 9, 3, 9, 6, 9, 5, 9, 1, 0, 3, 8, 5, 0, 3, 7, 0, 1, 6, 4, 5, 7, 0, 2, 9, 7, 0, 5, 9, 6] 
Time used: 0.000440 

Instances\p2 
Result: 9676 
Status of facilities: [1, 1, 1, 1, 1, 1, 1, 1, 1, 1] 
The assignment of customers to facilities: [5, 7, 8, 2, 9, 9, 5, 6, 3, 2, 6, 3, 4, 0, 6, 4, 5, 0, 3, 9, 7, 6, 3, 5, 6, 9, 5, 7, 0, 3, 3, 8, 2, 1, 3, 7, 8, 3, 6, 4, 5, 7, 8, 9, 1, 7, 0, 2, 4, 6] 
Time used: 0.000404 

Instances\p3 
Result: 11766 
Status of facilities: [1, 1, 1, 1, 1, 1, 1, 1, 1, 1] 
The assignment of customers to facilities: [5, 7, 8, 2, 9, 9, 5, 6, 3, 2, 6, 3, 4, 0, 6, 4, 5, 0, 3, 9, 7, 6, 3, 5, 6, 9, 5, 7, 0, 3, 3, 8, 2, 1, 3, 7, 9, 3, 6, 4, 5, 7, 8, 8, 2, 7, 0, 1, 4, 6] 
Time used: 0.000384 

Instances\p4 
Result: 13723 
Status of facilities: [1, 1, 1, 1, 1, 1, 1, 1, 1, 1] 
The assignment of customers to facilities: [5, 7, 8, 2, 9, 9, 5, 6, 3, 2, 6, 3, 4, 0, 6, 4, 5, 0, 3, 9, 7, 5, 3, 5, 6, 9, 5, 7, 0, 3, 3, 8, 2, 1, 3, 7, 9, 3, 6, 4, 6, 7, 8, 8, 1, 7, 0, 2, 4, 6] 
Time used: 0.000380 

Instances\p5 
Result: 13626 
Status of facilities: [1, 1, 1, 1, 1, 1, 1, 1, 1, 1] 
The assignment of customers to facilities: [1, 5, 8, 8, 9, 9, 5, 9, 8, 0, 7, 6, 8, 9, 8, 9, 5, 0, 8, 9, 8, 9, 3, 5, 6, 2, 5, 5, 1, 0, 3, 0, 2, 1, 3, 1, 0, 1, 6, 4, 0, 1, 1, 2, 0, 6, 6, 2, 4, 6] 
Time used: 0.000408 

Instances\p6 
Result: 10386 
Status of facilities: [1, 1, 1, 1, 1, 1, 1, 1, 1, 1] 
The assignment of customers to facilities: [5, 7, 8, 2, 9, 9, 5, 6, 3, 1, 6, 3, 4, 0, 6, 4, 5, 0, 3, 9, 7, 6, 3, 5, 6, 9, 5, 7, 0, 3, 3, 8, 2, 2, 6, 7, 9, 3, 6, 4, 0, 7, 8, 8, 1, 7, 0, 2, 4, 8] 
Time used: 0.000384 

Instances\p7 
Result: 12064 
Status of facilities: [1, 1, 1, 1, 1, 1, 1, 1, 1, 1] 
The assignment of customers to facilities: [5, 7, 8, 2, 9, 9, 5, 6, 3, 2, 6, 3, 4, 0, 6, 4, 5, 0, 3, 9, 6, 7, 3, 5, 6, 9, 5, 7, 0, 3, 3, 8, 2, 1, 6, 7, 9, 3, 6, 4, 0, 7, 8, 8, 1, 7, 0, 2, 4, 8] 
Time used: 0.000384 

Instances\p8 
Result: 14286 
Status of facilities: [1, 1, 1, 1, 1, 1, 1, 1, 1, 1] 
The assignment of customers to facilities: [5, 7, 8, 2, 9, 9, 5, 6, 3, 2, 6, 3, 4, 0, 6, 4, 5, 0, 3, 9, 7, 6, 3, 5, 6, 9, 5, 8, 0, 3, 3, 8, 2, 1, 6, 7, 9, 3, 6, 4, 0, 7, 8, 8, 1, 7, 0, 2, 4, 7] 
Time used: 0.000384 

Instances\p9 
Result: 13103 
Status of facilities: [1, 1, 1, 1, 0, 1, 1, 1, 1, 1] 
The assignment of customers to facilities: [1, 5, 8, 8, 9, 9, 5, 9, 8, 0, 6, 6, 8, 9, 8, 9, 8, 0, 8, 9, 8, 9, 3, 9, 8, 9, 8, 9, 1, 0, 3, 8, 5, 1, 3, 1, 0, 1, 6, 5, 5, 1, 1, 2, 1, 7, 0, 2, 0, 6] 
Time used: 0.000386 

Instances\p10 
Result: 9508 
Status of facilities: [1, 1, 1, 1, 1, 1, 1, 1, 1, 1] 
The assignment of customers to facilities: [5, 7, 8, 2, 9, 9, 5, 6, 3, 2, 6, 3, 4, 0, 6, 4, 5, 0, 3, 9, 7, 6, 3, 5, 6, 9, 1, 7, 0, 3, 3, 8, 2, 1, 3, 7, 9, 3, 6, 4, 5, 7, 8, 8, 5, 7, 0, 2, 4, 6] 
Time used: 0.000393 

Instances\p11 
Result: 11404 
Status of facilities: [1, 1, 1, 1, 1, 1, 1, 1, 1, 1] 
The assignment of customers to facilities: [5, 7, 8, 2, 9, 9, 5, 6, 3, 2, 6, 3, 4, 0, 6, 4, 5, 0, 3, 0, 7, 6, 3, 5, 6, 9, 5, 7, 0, 3, 3, 8, 2, 1, 3, 7, 9, 3, 6, 4, 5, 7, 8, 8, 1, 7, 9, 2, 4, 6] 
Time used: 0.000372 

Instances\p12 
Result: 14100 
Status of facilities: [1, 1, 1, 1, 1, 1, 1, 1, 1, 1] 
The assignment of customers to facilities: [5, 7, 8, 2, 9, 9, 5, 6, 3, 2, 6, 3, 4, 0, 6, 4, 5, 0, 3, 9, 7, 6, 3, 5, 6, 9, 5, 7, 0, 3, 3, 8, 2, 1, 3, 7, 9, 3, 6, 4, 5, 7, 8, 8, 0, 7, 1, 2, 4, 6] 
Time used: 0.000372 

Instances\p13 
Result: 12973 
Status of facilities: [1, 1, 0, 0, 1, 1, 1, 1, 1, 1, 1, 0, 1, 1, 1, 1, 1, 1, 0, 0] 
The assignment of customers to facilities: [0, 13, 1, 1, 8, 14, 12, 8, 5, 14, 9, 9, 8, 12, 12, 13, 15, 0, 12, 1, 8, 14, 14, 9, 14, 13, 15, 0, 5, 9, 1, 0, 17, 4, 9, 8, 0, 6, 0, 1, 10, 13, 16, 8, 6, 5, 17, 5, 13, 7] 
Time used: 0.000618 

Instances\p14 
Result: 9704 
Status of facilities: [1, 1, 0, 1, 1, 1, 1, 1, 1, 1, 0, 1, 1, 1, 1, 1, 1, 1, 1, 1] 
The assignment of customers to facilities: [0, 6, 1, 18, 14, 7, 12, 11, 5, 4, 18, 5, 8, 6, 12, 13, 4, 0, 12, 1, 15, 16, 4, 9, 19, 3, 15, 7, 5, 6, 1, 0, 17, 4, 0, 8, 0, 6, 11, 1, 0, 6, 16, 19, 4, 5, 12, 14, 13, 8] 
Time used: 0.000646 

Instances\p15 
Result: 13740 
Status of facilities: [1, 1, 0, 1, 1, 1, 1, 1, 1, 1, 0, 1, 1, 1, 1, 1, 1, 1, 1, 1] 
The assignment of customers to facilities: [0, 6, 1, 18, 7, 14, 12, 11, 5, 4, 18, 5, 8, 6, 12, 13, 4, 0, 12, 1, 15, 16, 4, 9, 19, 3, 15, 7, 5, 6, 1, 0, 17, 4, 0, 8, 16, 6, 11, 1, 0, 6, 0, 19, 4, 5, 12, 14, 13, 8] 
Time used: 0.000612 

Instances\p16 
Result: 17465 
Status of facilities: [1, 1, 0, 1, 1, 1, 1, 1, 1, 1, 0, 1, 1, 1, 1, 1, 1, 1, 1, 1] 
The assignment of customers to facilities: [0, 6, 1, 18, 7, 14, 12, 11, 5, 4, 18, 5, 8, 6, 12, 13, 4, 0, 12, 1, 15, 16, 4, 9, 19, 3, 7, 15, 5, 6, 1, 0, 17, 4, 0, 8, 0, 6, 11, 1, 0, 6, 16, 19, 4, 5, 12, 14, 13, 8] 
Time used: 0.000637 

Instances\p17 
Result: 11486 
Status of facilities: [1, 1, 0, 0, 1, 1, 1, 1, 1, 1, 0, 0, 1, 1, 1, 1, 0, 1, 0, 0] 
The assignment of customers to facilities: [0, 13, 1, 1, 8, 14, 12, 8, 5, 14, 9, 9, 8, 12, 12, 13, 15, 0, 12, 5, 8, 14, 9, 9, 14, 13, 15, 0, 5, 14, 1, 0, 17, 4, 9, 8, 0, 6, 12, 1, 0, 13, 1, 8, 8, 1, 12, 14, 13, 7] 
Time used: 0.000645 

Instances\p18 
Result: 10271 
Status of facilities: [1, 1, 0, 1, 1, 1, 1, 1, 1, 1, 0, 1, 1, 1, 1, 1, 1, 1, 1, 1] 
The assignment of customers to facilities: [0, 6, 1, 18, 7, 14, 12, 11, 5, 4, 18, 5, 8, 6, 12, 13, 4, 0, 12, 1, 15, 16, 4, 9, 5, 3, 15, 7, 5, 6, 1, 0, 17, 4, 0, 8, 0, 6, 11, 1, 0, 6, 16, 19, 4, 19, 12, 14, 13, 8] 
Time used: 0.000670 

Instances\p19 
Result: 13613 
Status of facilities: [1, 1, 0, 1, 1, 1, 1, 1, 1, 1, 0, 1, 1, 1, 1, 1, 1, 1, 1, 1] 
The assignment of customers to facilities: [0, 6, 1, 18, 7, 14, 12, 11, 5, 4, 18, 5, 8, 6, 12, 13, 4, 0, 12, 1, 15, 16, 4, 9, 19, 0, 15, 7, 5, 6, 1, 0, 17, 4, 0, 8, 3, 6, 11, 1, 0, 6, 16, 19, 4, 5, 12, 14, 13, 8] 
Time used: 0.000624 

Instances\p20 
Result: 17226 
Status of facilities: [1, 1, 0, 1, 1, 1, 1, 1, 1, 1, 0, 1, 1, 1, 1, 1, 1, 1, 1, 1] 
The assignment of customers to facilities: [0, 6, 1, 18, 7, 14, 12, 11, 5, 4, 18, 5, 8, 6, 12, 13, 4, 0, 12, 1, 15, 16, 4, 9, 19, 3, 15, 7, 5, 6, 6, 0, 17, 4, 0, 8, 0, 1, 11, 1, 0, 6, 16, 19, 4, 5, 12, 14, 13, 8] 
Time used: 0.000618 

Instances\p21 
Result: 11434 
Status of facilities: [1, 1, 0, 0, 1, 1, 1, 0, 1, 1, 0, 0, 1, 1, 1, 1, 0, 1, 0, 0] 
The assignment of customers to facilities: [0, 13, 1, 1, 8, 14, 12, 8, 5, 14, 9, 9, 8, 12, 12, 13, 12, 0, 12, 1, 8, 14, 9, 9, 14, 13, 15, 0, 5, 14, 1, 0, 17, 4, 9, 8, 0, 6, 12, 1, 0, 13, 1, 8, 8, 5, 15, 14, 1, 8] 
Time used: 0.000621 

Instances\p22 
Result: 10162 
Status of facilities: [1, 1, 0, 1, 1, 1, 1, 1, 1, 1, 0, 1, 1, 1, 1, 1, 1, 1, 1, 1] 
The assignment of customers to facilities: [0, 6, 1, 18, 7, 14, 12, 11, 13, 4, 18, 5, 8, 6, 12, 5, 4, 0, 12, 1, 15, 16, 4, 9, 19, 3, 15, 7, 5, 6, 1, 0, 17, 4, 0, 8, 0, 6, 11, 1, 0, 6, 16, 19, 4, 5, 12, 14, 13, 8] 
Time used: 0.000618 

Instances\p23 
Result: 13447 
Status of facilities: [1, 1, 0, 1, 1, 1, 1, 1, 1, 1, 0, 1, 1, 1, 1, 1, 1, 1, 1, 1] 
The assignment of customers to facilities: [0, 6, 1, 18, 7, 14, 12, 11, 5, 4, 18, 5, 8, 6, 12, 13, 4, 0, 12, 1, 15, 16, 4, 9, 19, 3, 15, 7, 5, 6, 1, 14, 17, 4, 0, 8, 0, 6, 11, 1, 0, 6, 16, 19, 4, 5, 12, 0, 13, 8] 
Time used: 0.000625 

Instances\p24 
Result: 16626 
Status of facilities: [1, 1, 0, 1, 1, 1, 1, 1, 1, 1, 0, 1, 1, 1, 1, 1, 1, 1, 1, 1] 
The assignment of customers to facilities: [0, 6, 1, 18, 7, 14, 12, 11, 5, 4, 18, 5, 8, 6, 12, 13, 4, 0, 12, 1, 15, 16, 4, 9, 19, 3, 15, 7, 5, 6, 1, 0, 17, 4, 0, 8, 0, 6, 11, 1, 0, 6, 16, 19, 4, 5, 12, 14, 13, 8] 
Time used: 0.000612 

Instances\p25 
Result: 18727 
Status of facilities: [0, 0, 1, 0, 1, 1, 1, 1, 1, 1, 1, 1, 0, 1, 0, 1, 1, 0, 1, 1, 1, 1, 0, 0, 1, 1, 1, 0, 0, 1] 
The assignment of customers to facilities: [26, 26, 26, 4, 26, 4, 21, 18, 21, 4, 26, 26, 26, 6, 4, 6, 21, 24, 21, 5, 21, 21, 24, 5, 5, 21, 6, 6, 15, 6, 4, 24, 11, 7, 4, 6, 21, 21, 4, 5, 4, 24, 15, 7, 4, 24, 7, 6, 5, 7, 10, 13, 8, 7, 13, 6, 18, 4, 15, 26, 24, 16, 8, 7, 9, 4, 24, 15, 7, 4, 6, 15, 15, 7, 4, 24, 7, 6, 5, 7, 4, 2, 10, 7, 4, 26, 26, 26, 4, 26, 4, 2, 18, 7, 4, 26, 16, 24, 4, 4, 4, 4, 15, 7, 4, 24, 20, 16, 5, 5, 24, 20, 16, 5, 5, 24, 16, 8, 25, 5, 24, 20, 16, 26, 5, 24, 18, 21, 15, 26, 24, 16, 16, 25, 13, 24, 18, 24, 15, 5, 4, 19, 15, 18, 4, 24, 20, 29, 15, 5] 
Time used: 0.002561 

Instances\p26 
Result: 15586 
Status of facilities: [0, 1, 0, 1, 1, 1, 1, 1, 1, 1, 1, 1, 1, 1, 0, 1, 0, 1, 1, 1, 1, 1, 1, 1, 1, 1, 1, 1, 0, 0] 
The assignment of customers to facilities: [21, 10, 7, 3, 20, 8, 8, 18, 21, 1, 26, 13, 24, 21, 5, 23, 13, 8, 7, 5, 21, 27, 8, 7, 5, 22, 20, 8, 5, 6, 4, 13, 11, 9, 4, 21, 27, 8, 7, 5, 11, 19, 15, 10, 4, 7, 20, 8, 5, 7, 22, 13, 8, 7, 13, 21, 27, 8, 3, 11, 22, 13, 8, 7, 9, 4, 17, 22, 9, 3, 8, 22, 18, 21, 4, 10, 12, 8, 7, 7, 11, 13, 10, 10, 4, 21, 27, 24, 11, 5, 4, 13, 8, 9, 4, 26, 13, 24, 21, 5, 4, 17, 17, 9, 3, 22, 20, 8, 25, 5, 10, 20, 8, 5, 7, 22, 27, 13, 25, 5, 27, 20, 8, 5, 12, 22, 20, 8, 13, 26, 10, 13, 8, 25, 13, 21, 18, 8, 25, 25, 8, 13, 18, 10, 4, 22, 20, 8, 15, 25] 
Time used: 0.002498 

Instances\p27 
Result: 19201 
Status of facilities: [0, 1, 0, 1, 1, 1, 1, 1, 1, 1, 1, 1, 1, 1, 0, 1, 0, 1, 1, 1, 1, 1, 1, 1, 1, 1, 1, 1, 0, 0] 
The assignment of customers to facilities: [21, 10, 7, 3, 20, 8, 13, 18, 21, 1, 26, 8, 24, 21, 5, 23, 13, 8, 7, 5, 21, 27, 8, 7, 5, 22, 20, 8, 5, 6, 4, 13, 11, 9, 4, 21, 27, 8, 7, 5, 11, 19, 15, 10, 4, 7, 20, 8, 5, 7, 22, 13, 8, 7, 13, 21, 27, 8, 3, 11, 22, 13, 8, 7, 9, 4, 17, 22, 9, 3, 13, 22, 18, 21, 4, 10, 12, 8, 7, 7, 11, 13, 10, 10, 4, 21, 27, 24, 11, 5, 4, 13, 8, 9, 4, 26, 13, 24, 21, 5, 4, 17, 17, 9, 3, 22, 20, 8, 25, 5, 10, 20, 8, 5, 7, 22, 27, 8, 25, 5, 27, 20, 8, 5, 12, 22, 20, 8, 13, 26, 10, 13, 8, 25, 13, 21, 18, 8, 25, 25, 8, 13, 18, 10, 4, 22, 20, 8, 15, 25] 
Time used: 0.002586 

Instances\p28 
Result: 25306 
Status of facilities: [0, 1, 0, 1, 1, 1, 1, 1, 1, 1, 1, 1, 1, 1, 0, 1, 0, 1, 1, 1, 1, 1, 1, 1, 1, 1, 1, 1, 0, 0] 
The assignment of customers to facilities: [21, 10, 7, 3, 20, 8, 13, 18, 21, 1, 26, 13, 24, 21, 5, 23, 13, 8, 7, 5, 21, 27, 8, 7, 5, 22, 20, 8, 5, 6, 4, 13, 11, 9, 4, 21, 27, 8, 7, 5, 11, 19, 15, 10, 4, 7, 20, 8, 5, 7, 22, 13, 8, 7, 8, 21, 27, 8, 3, 11, 22, 13, 8, 7, 9, 4, 17, 22, 9, 3, 8, 22, 18, 21, 4, 10, 12, 8, 7, 7, 11, 13, 10, 10, 4, 21, 27, 24, 11, 5, 4, 13, 8, 9, 4, 26, 13, 24, 21, 5, 4, 17, 17, 9, 3, 22, 20, 8, 25, 5, 10, 20, 8, 5, 7, 22, 27, 8, 25, 5, 27, 20, 8, 5, 12, 22, 20, 8, 13, 26, 10, 13, 8, 25, 13, 21, 18, 8, 25, 25, 13, 13, 18, 10, 4, 22, 20, 8, 15, 25] 
Time used: 0.002573 

Instances\p29 
Result: 20902 
Status of facilities: [0, 1, 1, 0, 1, 1, 1, 1, 1, 1, 1, 1, 0, 1, 1, 1, 1, 1, 1, 1, 1, 1, 0, 0, 1, 0, 1, 0, 0, 1] 
The assignment of customers to facilities: [26, 26, 26, 4, 26, 4, 21, 18, 21, 4, 26, 26, 26, 6, 4, 6, 21, 24, 21, 5, 21, 21, 24, 21, 5, 21, 6, 6, 15, 6, 4, 24, 11, 7, 4, 6, 21, 21, 4, 5, 4, 21, 15, 21, 4, 24, 7, 6, 5, 7, 10, 13, 8, 7, 13, 21, 21, 4, 15, 26, 24, 16, 8, 7, 9, 4, 24, 15, 21, 4, 6, 15, 15, 6, 4, 24, 7, 6, 5, 7, 4, 2, 10, 7, 14, 26, 26, 26, 6, 18, 2, 2, 18, 7, 1, 26, 16, 24, 6, 5, 6, 5, 15, 7, 18, 24, 20, 6, 5, 5, 24, 20, 16, 5, 7, 24, 16, 8, 7, 5, 24, 6, 16, 26, 7, 24, 26, 5, 15, 26, 24, 16, 16, 7, 7, 24, 18, 29, 15, 5, 15, 19, 15, 18, 5, 24, 20, 29, 15, 17] 
Time used: 0.002536 

Instances\p30 
Result: 14859 
Status of facilities: [0, 1, 0, 1, 1, 1, 1, 1, 1, 1, 1, 1, 1, 1, 0, 1, 1, 1, 1, 1, 1, 1, 1, 1, 1, 1, 1, 1, 0, 1] 
The assignment of customers to facilities: [21, 10, 7, 3, 20, 8, 13, 18, 21, 1, 26, 13, 24, 21, 5, 23, 13, 8, 7, 5, 21, 27, 8, 7, 5, 22, 20, 5, 5, 6, 4, 13, 11, 9, 4, 21, 27, 8, 7, 5, 11, 19, 15, 10, 4, 7, 20, 8, 5, 7, 22, 13, 8, 7, 13, 21, 27, 8, 3, 11, 22, 13, 8, 7, 9, 4, 17, 22, 9, 3, 8, 22, 18, 21, 4, 10, 12, 8, 7, 7, 11, 13, 10, 10, 4, 21, 27, 24, 11, 8, 4, 13, 8, 9, 4, 26, 13, 24, 21, 5, 4, 17, 17, 9, 3, 22, 20, 8, 25, 5, 10, 20, 8, 5, 7, 22, 27, 8, 7, 5, 27, 20, 16, 5, 12, 22, 20, 3, 13, 26, 10, 13, 16, 7, 13, 21, 18, 3, 25, 25, 11, 19, 18, 10, 4, 22, 20, 29, 15, 25] 
Time used: 0.002594 

Instances\p31 
Result: 20359 
Status of facilities: [0, 1, 0, 1, 1, 1, 1, 1, 1, 1, 1, 1, 1, 1, 0, 1, 1, 1, 1, 1, 1, 1, 1, 1, 1, 1, 1, 1, 0, 1] 
The assignment of customers to facilities: [21, 10, 7, 3, 20, 8, 13, 18, 21, 1, 26, 13, 24, 21, 5, 23, 13, 8, 7, 5, 21, 27, 8, 7, 5, 22, 20, 8, 5, 6, 4, 13, 11, 9, 4, 21, 27, 8, 7, 5, 11, 19, 15, 10, 4, 7, 20, 8, 5, 7, 22, 13, 8, 7, 13, 21, 27, 8, 3, 11, 22, 13, 8, 7, 9, 4, 17, 22, 9, 3, 8, 22, 18, 21, 4, 10, 12, 8, 7, 7, 11, 13, 10, 10, 4, 21, 27, 24, 3, 5, 4, 13, 8, 9, 4, 26, 13, 24, 21, 5, 4, 17, 17, 9, 11, 22, 20, 8, 25, 5, 10, 20, 8, 5, 7, 22, 27, 8, 7, 5, 27, 20, 16, 5, 12, 22, 20, 3, 13, 26, 10, 13, 16, 7, 13, 21, 18, 3, 25, 25, 11, 19, 18, 10, 4, 22, 20, 29, 15, 25] 
Time used: 0.002612 

Instances\p32 
Result: 26342 
Status of facilities: [0, 1, 0, 1, 1, 1, 1, 1, 1, 1, 1, 1, 1, 1, 0, 1, 1, 1, 1, 1, 1, 1, 1, 1, 1, 1, 1, 1, 0, 1] 
The assignment of customers to facilities: [21, 10, 7, 3, 20, 8, 13, 18, 21, 1, 26, 13, 24, 21, 5, 23, 13, 8, 7, 5, 21, 27, 8, 7, 5, 22, 20, 8, 5, 6, 7, 13, 11, 9, 4, 21, 27, 8, 4, 5, 11, 19, 15, 10, 4, 7, 20, 8, 5, 7, 22, 13, 8, 7, 13, 21, 27, 8, 3, 11, 22, 13, 8, 7, 9, 4, 17, 22, 9, 3, 8, 22, 18, 21, 4, 10, 12, 8, 7, 7, 11, 13, 10, 10, 4, 21, 27, 24, 11, 5, 4, 13, 8, 9, 4, 26, 13, 24, 21, 5, 4, 17, 17, 9, 3, 22, 20, 8, 25, 5, 10, 20, 8, 5, 7, 22, 27, 8, 7, 5, 27, 20, 16, 5, 12, 22, 20, 3, 13, 26, 10, 13, 16, 7, 13, 21, 18, 3, 25, 25, 11, 19, 18, 10, 4, 22, 20, 29, 15, 25] 
Time used: 0.002637 

Instances\p33 
Result: 18652 
Status of facilities: [0, 0, 1, 0, 1, 1, 1, 1, 1, 1, 1, 1, 0, 1, 0, 1, 1, 0, 1, 1, 1, 1, 0, 0, 1, 0, 1, 0, 0, 0] 
The assignment of customers to facilities: [26, 26, 26, 4, 26, 4, 21, 18, 21, 4, 26, 26, 26, 6, 4, 6, 21, 24, 21, 5, 21, 21, 24, 21, 5, 21, 6, 6, 15, 6, 4, 24, 11, 7, 4, 6, 21, 21, 4, 5, 4, 21, 18, 21, 4, 24, 7, 6, 5, 7, 10, 13, 8, 7, 13, 21, 21, 4, 15, 26, 24, 16, 8, 7, 9, 4, 24, 15, 21, 4, 6, 15, 15, 21, 4, 24, 7, 6, 5, 7, 4, 21, 10, 21, 4, 26, 26, 26, 4, 26, 4, 2, 18, 7, 4, 26, 21, 24, 4, 5, 4, 5, 15, 21, 15, 24, 20, 6, 5, 5, 24, 20, 6, 5, 7, 24, 16, 8, 7, 5, 24, 6, 6, 26, 6, 6, 18, 6, 15, 26, 24, 16, 16, 7, 7, 6, 18, 6, 15, 5, 6, 19, 15, 7, 5, 24, 20, 6, 15, 5] 
Time used: 0.002586 

Instances\p34 
Result: 15244 
Status of facilities: [0, 1, 0, 1, 1, 1, 1, 1, 1, 1, 1, 1, 1, 1, 0, 1, 0, 1, 1, 1, 1, 1, 1, 1, 1, 1, 1, 1, 0, 1] 
The assignment of customers to facilities: [21, 10, 7, 3, 20, 8, 13, 18, 21, 1, 26, 13, 24, 21, 5, 23, 13, 8, 7, 5, 21, 27, 8, 22, 5, 22, 20, 8, 5, 6, 4, 13, 11, 9, 4, 21, 27, 8, 7, 5, 11, 19, 15, 10, 4, 7, 20, 8, 5, 7, 22, 13, 8, 7, 13, 21, 27, 8, 3, 11, 22, 13, 8, 7, 9, 4, 17, 22, 9, 3, 8, 22, 18, 21, 4, 10, 12, 8, 7, 7, 11, 13, 10, 10, 4, 21, 27, 24, 11, 5, 4, 13, 8, 9, 4, 26, 13, 24, 21, 5, 4, 17, 17, 9, 3, 22, 20, 8, 25, 5, 10, 20, 8, 5, 7, 22, 27, 8, 7, 5, 27, 20, 8, 5, 12, 22, 20, 8, 13, 26, 10, 13, 8, 7, 7, 21, 18, 8, 25, 25, 8, 13, 18, 10, 4, 7, 20, 29, 15, 25] 
Time used: 0.002582 

Instances\p35 
Result: 19932 
Status of facilities: [0, 1, 0, 1, 1, 1, 1, 1, 1, 1, 1, 1, 1, 1, 0, 1, 0, 1, 1, 1, 1, 1, 1, 1, 1, 1, 1, 1, 0, 1] 
The assignment of customers to facilities: [21, 10, 7, 3, 20, 8, 13, 18, 21, 1, 26, 13, 24, 21, 5, 23, 13, 10, 7, 5, 21, 27, 8, 7, 5, 22, 20, 8, 5, 6, 4, 13, 11, 9, 4, 21, 27, 8, 7, 5, 11, 19, 15, 10, 4, 7, 20, 8, 5, 7, 22, 13, 8, 7, 13, 21, 27, 8, 3, 11, 22, 13, 8, 7, 9, 4, 17, 22, 9, 3, 8, 22, 18, 21, 4, 10, 12, 8, 7, 7, 11, 13, 10, 10, 4, 21, 27, 24, 11, 5, 4, 13, 8, 9, 4, 26, 13, 24, 21, 5, 4, 17, 17, 9, 3, 22, 20, 8, 25, 5, 8, 20, 8, 5, 7, 22, 27, 8, 7, 5, 27, 20, 8, 5, 12, 22, 20, 8, 13, 26, 10, 13, 8, 7, 7, 21, 18, 8, 25, 25, 8, 13, 18, 10, 4, 22, 20, 29, 15, 25] 
Time used: 0.002645 

Instances\p36 
Result: 24470 
Status of facilities: [0, 1, 0, 1, 1, 1, 1, 1, 1, 1, 1, 1, 1, 1, 0, 1, 0, 1, 1, 1, 1, 1, 1, 1, 1, 1, 1, 1, 0, 1] 
The assignment of customers to facilities: [21, 10, 7, 3, 20, 8, 13, 18, 21, 1, 26, 13, 24, 21, 5, 23, 13, 8, 7, 5, 21, 27, 8, 7, 5, 22, 20, 8, 5, 6, 4, 13, 11, 9, 4, 21, 27, 8, 7, 5, 11, 5, 15, 10, 4, 7, 20, 8, 5, 7, 22, 13, 8, 7, 13, 21, 27, 8, 3, 11, 22, 13, 8, 7, 9, 4, 17, 22, 9, 3, 8, 22, 18, 21, 4, 10, 12, 8, 7, 7, 11, 13, 10, 10, 4, 21, 27, 24, 11, 19, 4, 13, 8, 9, 4, 26, 13, 24, 21, 5, 4, 17, 17, 9, 3, 22, 20, 8, 25, 5, 10, 20, 8, 5, 7, 22, 27, 8, 7, 5, 27, 20, 8, 5, 12, 22, 20, 8, 13, 26, 10, 13, 8, 7, 7, 21, 18, 8, 25, 25, 8, 13, 18, 10, 4, 22, 20, 29, 15, 25] 
Time used: 0.002555 

Instances\p37 
Result: 18028 
Status of facilities: [0, 0, 1, 0, 1, 1, 1, 1, 1, 1, 1, 1, 0, 1, 0, 1, 1, 0, 1, 0, 1, 1, 0, 0, 1, 0, 1, 0, 0, 0] 
The assignment of customers to facilities: [26, 26, 26, 4, 26, 4, 21, 18, 21, 4, 26, 26, 26, 6, 4, 6, 21, 24, 21, 5, 21, 21, 24, 21, 5, 21, 6, 6, 15, 6, 4, 24, 11, 7, 4, 6, 21, 21, 15, 5, 4, 21, 15, 21, 4, 24, 7, 6, 5, 7, 10, 13, 8, 7, 13, 21, 21, 4, 15, 26, 24, 16, 8, 7, 9, 4, 24, 15, 21, 4, 6, 15, 15, 21, 4, 24, 7, 6, 5, 7, 4, 21, 10, 21, 4, 26, 26, 26, 4, 26, 4, 2, 18, 7, 4, 26, 21, 24, 21, 4, 4, 4, 15, 21, 4, 21, 20, 6, 5, 5, 24, 20, 6, 5, 7, 24, 16, 8, 7, 5, 24, 6, 6, 26, 6, 21, 18, 6, 15, 26, 24, 16, 16, 7, 7, 21, 18, 6, 15, 5, 4, 21, 15, 21, 4, 21, 20, 6, 4, 5] 
Time used: 0.002586 

Instances\p38 
Result: 14325 
Status of facilities: [0, 1, 0, 1, 1, 1, 1, 1, 1, 1, 1, 1, 1, 1, 0, 1, 0, 1, 1, 1, 1, 1, 1, 1, 1, 1, 1, 1, 0, 0] 
The assignment of customers to facilities: [21, 10, 7, 3, 20, 8, 13, 18, 21, 1, 26, 13, 24, 21, 5, 23, 13, 8, 7, 5, 21, 27, 8, 7, 5, 22, 20, 8, 5, 6, 4, 13, 11, 9, 4, 21, 27, 8, 7, 5, 11, 8, 15, 10, 4, 7, 20, 8, 5, 7, 22, 13, 8, 7, 13, 21, 27, 8, 3, 11, 22, 13, 8, 7, 9, 4, 17, 22, 9, 3, 8, 22, 18, 21, 4, 10, 12, 8, 7, 7, 11, 13, 10, 10, 4, 21, 27, 24, 11, 5, 4, 13, 8, 9, 4, 26, 13, 24, 21, 5, 4, 17, 17, 9, 3, 22, 20, 8, 25, 5, 10, 20, 8, 5, 7, 22, 27, 8, 7, 5, 27, 20, 8, 5, 12, 22, 20, 8, 13, 26, 10, 13, 8, 7, 7, 21, 18, 8, 25, 25, 8, 13, 18, 10, 4, 22, 20, 19, 15, 25] 
Time used: 0.002555 

Instances\p39 
Result: 20098 
Status of facilities: [0, 1, 0, 1, 1, 1, 1, 1, 1, 1, 1, 1, 1, 1, 0, 1, 0, 1, 1, 1, 1, 1, 1, 1, 1, 1, 1, 1, 0, 0] 
The assignment of customers to facilities: [21, 10, 7, 3, 20, 8, 13, 18, 21, 1, 26, 13, 24, 21, 5, 23, 13, 8, 7, 21, 5, 27, 8, 7, 5, 22, 20, 8, 5, 6, 4, 13, 11, 9, 4, 21, 27, 8, 7, 5, 11, 19, 15, 10, 4, 7, 20, 8, 5, 7, 22, 13, 8, 7, 13, 21, 27, 8, 3, 11, 22, 13, 8, 7, 9, 4, 17, 22, 9, 3, 8, 22, 18, 21, 4, 10, 12, 8, 7, 7, 11, 13, 10, 10, 4, 21, 27, 24, 11, 5, 4, 13, 8, 9, 4, 26, 13, 24, 21, 5, 4, 17, 17, 9, 3, 22, 20, 8, 25, 5, 10, 20, 8, 5, 7, 22, 27, 8, 7, 5, 27, 20, 8, 5, 12, 22, 20, 8, 13, 26, 10, 13, 8, 7, 7, 21, 18, 8, 25, 25, 8, 13, 18, 10, 4, 22, 20, 8, 15, 25] 
Time used: 0.002560 

Instances\p40 
Result: 24691 
Status of facilities: [0, 1, 0, 1, 1, 1, 1, 1, 1, 1, 1, 1, 1, 1, 0, 1, 0, 1, 1, 1, 1, 1, 1, 1, 1, 1, 1, 1, 0, 0] 
The assignment of customers to facilities: [21, 10, 7, 3, 20, 8, 13, 18, 21, 1, 26, 13, 24, 21, 5, 23, 13, 8, 22, 5, 21, 27, 8, 7, 5, 22, 20, 8, 5, 6, 4, 13, 11, 9, 4, 21, 27, 8, 7, 5, 11, 19, 15, 10, 4, 7, 20, 8, 5, 7, 22, 13, 8, 7, 13, 21, 27, 8, 3, 11, 22, 13, 8, 7, 9, 4, 17, 22, 9, 3, 8, 22, 18, 21, 4, 10, 12, 8, 7, 7, 11, 13, 10, 10, 4, 21, 27, 24, 11, 5, 4, 13, 8, 9, 4, 26, 13, 24, 21, 5, 4, 17, 17, 9, 3, 22, 20, 8, 25, 5, 10, 20, 8, 5, 7, 22, 27, 8, 7, 5, 27, 20, 8, 5, 12, 22, 20, 8, 13, 26, 10, 13, 8, 7, 7, 21, 18, 8, 25, 25, 8, 13, 18, 10, 4, 7, 20, 8, 15, 25] 
Time used: 0.002882 

Instances\p41 
Result: 10860 
Status of facilities: [1, 1, 1, 1, 0, 1, 1, 1, 1, 1] 
The assignment of customers to facilities: [8, 8, 8, 1, 6, 8, 1, 1, 0, 1, 9, 1, 8, 9, 1, 5, 8, 8, 1, 1, 0, 9, 1, 6, 8, 6, 9, 9, 5, 9, 0, 8, 5, 1, 9, 0, 0, 0, 9, 0, 5, 0, 9, 0, 0, 5, 0, 5, 5, 5, 8, 3, 5, 5, 5, 3, 5, 5, 5, 3, 5, 6, 5, 5, 6, 6, 5, 3, 6, 3, 6, 6, 6, 6, 6, 3, 6, 7, 3, 3, 6, 1, 6, 6, 7, 7, 2, 7, 7, 2] 
Time used: 0.000598 

Instances\p42 
Result: 10051 
Status of facilities: [1, 1, 0, 1, 0, 1, 1, 0, 1, 1, 1, 0, 1, 1, 1, 1, 0, 1, 0, 0] 
The assignment of customers to facilities: [14, 3, 8, 8, 9, 8, 12, 6, 8, 8, 1, 1, 0, 9, 1, 1, 0, 9, 1, 1, 17, 0, 5, 1, 12, 12, 9, 12, 9, 8, 12, 6, 0, 13, 1, 1, 3, 14, 5, 0, 13, 14, 9, 12, 0, 9, 14, 0, 0, 8, 8, 0, 8, 9, 14, 5, 12, 14, 5, 12, 14, 17, 9, 13, 9, 5, 0, 0, 17, 5, 10, 0, 12, 14, 6, 15, 5, 15, 0, 13] 
Time used: 0.000971 

Instances\p43 
Result: 8667 
Status of facilities: [1, 1, 0, 0, 0, 1, 1, 0, 1, 1, 0, 1, 1, 1, 1, 1, 0, 0, 0, 0, 0, 1, 0, 1, 0, 0, 0, 0, 1, 0] 
The assignment of customers to facilities: [1, 21, 21, 21, 12, 21, 28, 12, 28, 12, 9, 14, 23, 28, 14, 9, 28, 14, 1, 12, 12, 21, 21, 8, 9, 9, 28, 9, 14, 8, 1, 12, 8, 15, 5, 14, 8, 14, 1, 21, 14, 8, 14, 9, 28, 14, 21, 13, 8, 1, 8, 15, 14, 1, 1, 28, 9, 28, 9, 0, 9, 11, 6, 8, 14, 13, 23, 15, 21, 0] 
Time used: 0.001250 

Instances\p44 
Result: 13970 
Status of facilities: [1, 1, 1, 1, 1, 1, 1, 1, 1, 1] 
The assignment of customers to facilities: [9, 1, 1, 9, 1, 1, 9, 8, 8, 8, 8, 1, 0, 9, 0, 5, 9, 8, 1, 6, 5, 0, 5, 5, 2, 5, 5, 0, 0, 5, 5, 0, 3, 3, 2, 5, 0, 0, 0, 5, 0, 2, 0, 0, 5, 5, 1, 1, 6, 7, 2, 3, 0, 7, 8, 2, 2, 6, 6, 6, 6, 6, 6, 6, 6, 2, 6, 6, 6, 2, 3, 2, 6, 6, 6, 6, 3, 6, 7, 2, 2, 3, 7, 5, 6, 4, 3, 2, 2, 3] 
Time used: 0.000601 

Instances\p45 
Result: 12778 
Status of facilities: [1, 1, 1, 1, 0, 1, 1, 0, 1, 1, 1, 0, 1, 1, 1, 1, 0, 1, 0, 1] 
The assignment of customers to facilities: [1, 14, 8, 12, 8, 0, 8, 9, 15, 0, 1, 1, 15, 0, 1, 8, 15, 8, 12, 14, 1, 12, 9, 14, 14, 0, 8, 9, 8, 0, 14, 9, 9, 0, 12, 14, 9, 0, 1, 1, 9, 0, 0, 1, 15, 5, 2, 6, 5, 5, 3, 14, 13, 15, 13, 5, 0, 15, 5, 15, 13, 19, 17, 10, 5, 15, 5, 12, 17, 5, 15, 13, 5, 15, 8, 10, 5, 15, 15, 10] 
Time used: 0.000972 

Instances\p46 
Result: 11532 
Status of facilities: [1, 1, 1, 0, 1, 1, 1, 0, 1, 1, 1, 0, 1, 1, 1, 1, 0, 1, 0, 0, 1, 1, 0, 1, 0, 0, 0, 0, 1, 0] 
The assignment of customers to facilities: [1, 9, 21, 21, 12, 8, 1, 15, 8, 9, 1, 9, 12, 12, 21, 9, 12, 8, 1, 21, 8, 28, 1, 14, 14, 28, 1, 21, 8, 28, 9, 28, 14, 28, 5, 8, 28, 0, 14, 0, 14, 14, 14, 15, 9, 21, 10, 8, 2, 20, 5, 21, 23, 21, 0, 13, 15, 14, 6, 0, 4, 0, 15, 28, 17, 5, 14, 0, 23, 0] 
Time used: 0.001107 

Instances\p47 
Result: 15141 
Status of facilities: [1, 1, 1, 1, 0, 1, 1, 1, 1, 1] 
The assignment of customers to facilities: [1, 8, 1, 8, 1, 9, 1, 8, 8, 9, 1, 1, 8, 0, 9, 0, 8, 8, 8, 5, 0, 9, 0, 9, 0, 9, 0, 9, 5, 5, 0, 0, 0, 0, 5, 5, 5, 7, 5, 5, 5, 5, 6, 5, 5, 5, 7, 9, 5, 5, 2, 6, 5, 5, 6, 7, 6, 6, 6, 6, 6, 6, 6, 6, 7, 6, 6, 6, 6, 2, 2, 6, 6, 7, 6, 7, 3, 7, 7, 7, 7, 2, 2, 2, 7, 3, 7, 7, 3, 3] 
Time used: 0.000603 

Instances\p48 
Result: 12328 
Status of facilities: [1, 1, 1, 0, 0, 1, 0, 0, 1, 1, 1, 0, 1, 1, 1, 1, 0, 0, 0, 0] 
The assignment of customers to facilities: [1, 1, 12, 0, 8, 1, 12, 0, 15, 1, 12, 0, 14, 1, 1, 0, 8, 0, 12, 0, 8, 0, 12, 0, 8, 8, 0, 0, 14, 9, 12, 8, 15, 14, 14, 9, 15, 14, 14, 9, 15, 14, 5, 9, 12, 15, 14, 9, 15, 13, 14, 9, 15, 13, 9, 5, 5, 13, 15, 2, 5, 13, 15, 2, 5, 13, 15, 5, 5, 13, 13, 10, 5, 13, 13, 13, 5, 13, 13, 15] 
Time used: 0.000893 

Instances\p49 
Result: 11368 
Status of facilities: [1, 1, 0, 0, 0, 1, 0, 0, 1, 1, 0, 0, 1, 1, 1, 1, 0, 0, 0, 0, 0, 1, 1, 1, 0, 0, 0, 1, 1, 1] 
The assignment of customers to facilities: [1, 28, 12, 1, 21, 8, 12, 8, 1, 21, 1, 28, 0, 12, 14, 12, 28, 0, 12, 12, 0, 21, 0, 28, 5, 28, 12, 12, 28, 0, 14, 8, 9, 21, 21, 14, 0, 8, 21, 21, 21, 0, 14, 14, 14, 9, 8, 8, 9, 0, 23, 9, 9, 0, 9, 13, 5, 27, 0, 23, 13, 5, 23, 5, 22, 5, 23, 15, 5, 29] 
Time used: 0.001226 

Instances\p50 
Result: 11963 
Status of facilities: [1, 1, 1, 1, 0, 1, 1, 1, 1, 1] 
The assignment of customers to facilities: [1, 1, 0, 9, 0, 5, 8, 1, 8, 1, 1, 1, 0, 9, 1, 9, 8, 1, 8, 1, 5, 8, 6, 9, 1, 9, 8, 9, 8, 8, 0, 9, 6, 0, 1, 0, 8, 5, 0, 5, 0, 2, 5, 0, 0, 1, 7, 5, 6, 5, 5, 6, 6, 5, 5, 2, 2, 5, 2, 5, 5, 2, 5, 0, 2, 2, 7, 2, 6, 5, 5, 7, 6, 2, 5, 2, 2, 9, 7, 5, 5, 2, 6, 2, 6, 2, 2, 5, 7, 5, 1, 5, 6, 6, 3, 6, 2, 2, 6, 6] 
Time used: 0.000722 

Instances\p51 
Result: 12902 
Status of facilities: [1, 1, 1, 0, 0, 1, 1, 0, 1, 1, 1, 1, 1, 1, 1, 1, 1, 1, 0, 1] 
The assignment of customers to facilities: [1, 1, 12, 12, 8, 9, 9, 12, 8, 9, 9, 9, 12, 8, 8, 0, 12, 12, 8, 8, 12, 0, 1, 8, 8, 9, 9, 9, 8, 1, 1, 0, 12, 14, 14, 0, 9, 10, 15, 9, 0, 6, 11, 1, 14, 0, 6, 11, 15, 5, 14, 0, 14, 14, 14, 1, 5, 17, 15, 14, 14, 6, 19, 0, 14, 5, 0, 0, 0, 14, 0, 5, 13, 15, 13, 0, 6, 12, 15, 15, 5, 6, 5, 15, 15, 5, 6, 10, 15, 0, 1, 16, 17, 13, 15, 2, 13, 10, 15, 13] 
Time used: 0.001119 

Instances\p52 
Result: 17772 
Status of facilities: [1, 1, 1, 1, 1, 1, 1, 1, 1, 1] 
The assignment of customers to facilities: [8, 9, 1, 8, 8, 1, 8, 9, 9, 1, 1, 9, 1, 8, 9, 5, 0, 9, 0, 0, 5, 0, 0, 6, 0, 4, 0, 2, 7, 7, 5, 2, 3, 6, 6, 6, 5, 3, 7, 7, 5, 3, 3, 6, 6, 2, 5, 2, 5, 6, 5, 8, 1, 2, 7, 5, 5, 5, 3, 5, 5, 1, 0, 6, 3, 3, 5, 2, 7, 5, 5, 3, 3, 6, 4, 2, 7, 2, 7, 7, 6, 7, 3, 2, 7, 6, 3, 3, 2, 4, 6, 7, 6, 2, 3, 3, 6, 3, 3, 2] 
Time used: 0.000660 

Instances\p53 
Result: 16928 
Status of facilities: [1, 1, 0, 1, 0, 1, 1, 0, 1, 1, 1, 1, 1, 1, 1, 1, 1, 1, 0, 1] 
The assignment of customers to facilities: [8, 1, 12, 8, 9, 12, 1, 12, 8, 9, 12, 12, 9, 1, 14, 8, 1, 14, 13, 9, 8, 0, 14, 5, 9, 1, 14, 14, 9, 9, 14, 0, 6, 0, 17, 13, 0, 6, 9, 17, 13, 0, 15, 5, 0, 19, 13, 15, 6, 0, 13, 1, 14, 0, 17, 19, 0, 5, 5, 10, 17, 0, 15, 5, 10, 19, 3, 15, 5, 10, 5, 17, 13, 5, 15, 19, 3, 15, 5, 10, 5, 17, 13, 5, 1, 5, 16, 13, 10, 0, 5, 17, 1, 11, 15, 13, 3, 6, 15, 17] 
Time used: 0.003075 

Instances\p54 
Result: 18320 
Status of facilities: [1, 1, 1, 1, 1, 1, 1, 1, 1, 1] 
The assignment of customers to facilities: [9, 9, 1, 9, 8, 1, 8, 8, 9, 0, 9, 9, 1, 9, 8, 1, 8, 4, 9, 0, 0, 0, 9, 1, 0, 0, 6, 4, 5, 0, 0, 0, 5, 5, 0, 6, 5, 4, 5, 5, 5, 6, 5, 4, 6, 6, 6, 5, 5, 5, 5, 6, 5, 5, 6, 6, 6, 3, 5, 7, 6, 6, 6, 3, 6, 6, 6, 3, 6, 7, 2, 2, 2, 3, 2, 4, 4, 4, 2, 7, 2, 2, 3, 3, 2, 4, 3, 3, 2, 7, 2, 3, 2, 3, 2, 4, 4, 4, 2, 3] 
Time used: 0.000638 

Instances\p55 
Result: 15207 
Status of facilities: [1, 1, 1, 1, 1, 1, 1, 0, 1, 1, 1, 0, 1, 0, 1, 1, 0, 0, 0, 1] 
The assignment of customers to facilities: [9, 1, 8, 8, 9, 0, 1, 8, 8, 9, 9, 9, 8, 14, 9, 0, 1, 8, 8, 5, 9, 1, 1, 14, 10, 0, 1, 0, 14, 5, 0, 14, 0, 14, 10, 0, 0, 14, 5, 5, 12, 5, 6, 14, 10, 5, 5, 12, 12, 5, 19, 5, 12, 5, 5, 19, 5, 6, 5, 5, 19, 6, 6, 6, 10, 6, 2, 6, 12, 10, 19, 12, 6, 6, 10, 6, 2, 6, 6, 10, 6, 2, 6, 6, 10, 2, 2, 2, 4, 15, 2, 2, 2, 4, 12, 19, 19, 2, 3, 10] 
Time used: 0.001107 

Instances\p56 
Result: 29091 
Status of facilities: [1, 1, 1, 1, 1, 1, 1, 1, 1, 1, 1, 1, 1, 1, 1, 1, 1, 1, 1, 1, 1, 1, 1, 1, 1, 1, 1, 1, 1, 1] 
The assignment of customers to facilities: [19, 20, 1, 15, 9, 3, 8, 3, 6, 25, 9, 4, 10, 14, 9, 2, 7, 16, 16, 20, 16, 16, 4, 27, 17, 8, 7, 0, 3, 16, 4, 5, 7, 3, 2, 16, 7, 24, 24, 10, 1, 12, 12, 1, 3, 22, 12, 5, 22, 19, 17, 14, 24, 4, 17, 4, 5, 5, 14, 15, 17, 19, 13, 25, 15, 21, 5, 14, 9, 10, 18, 3, 2, 8, 0, 15, 16, 11, 3, 14, 5, 25, 11, 23, 20, 5, 15, 2, 24, 15, 9, 29, 0, 27, 29, 17, 20, 29, 11, 3, 6, 9, 19, 11, 27, 7, 1, 23, 13, 9, 25, 1, 29, 21, 7, 17, 18, 8, 11, 18, 0, 10, 10, 13, 28, 15, 21, 20, 8, 2, 23, 12, 12, 9, 16, 26, 5, 23, 14, 1, 2, 17, 19, 11, 6, 19, 11, 8, 18, 9, 8, 11, 5, 22, 4, 25, 0, 24, 12, 17, 23, 8, 19, 17, 26, 0, 2, 5, 29, 23, 2, 14, 24, 20, 23, 10, 2, 14, 27, 4, 26, 4, 28, 22, 28, 15, 29, 1, 28, 29, 16, 8, 26, 20, 8, 10, 4, 1, 27, 8] 
Time used: 0.003482 

Instances\p57 
Result: 37902 
Status of facilities: [1, 1, 1, 1, 1, 1, 1, 1, 1, 1, 1, 1, 1, 1, 1, 1, 1, 1, 1, 1, 1, 1, 1, 1, 1, 1, 1, 1, 1, 1] 
The assignment of customers to facilities: [19, 20, 1, 15, 9, 3, 8, 3, 6, 25, 9, 4, 10, 14, 9, 2, 7, 16, 16, 20, 16, 16, 4, 19, 17, 8, 7, 0, 3, 16, 4, 5, 7, 3, 2, 16, 7, 24, 24, 10, 1, 16, 12, 1, 3, 22, 12, 5, 22, 19, 17, 14, 24, 4, 17, 4, 5, 5, 14, 15, 17, 27, 13, 25, 15, 21, 5, 14, 9, 10, 18, 3, 2, 8, 0, 15, 16, 11, 3, 14, 5, 25, 11, 23, 20, 5, 15, 2, 24, 15, 9, 29, 0, 27, 29, 17, 20, 29, 11, 3, 6, 9, 19, 11, 27, 7, 1, 23, 13, 9, 25, 1, 29, 21, 7, 17, 18, 8, 11, 18, 0, 10, 10, 13, 28, 15, 21, 20, 8, 2, 23, 12, 12, 9, 12, 26, 5, 23, 14, 1, 2, 17, 19, 11, 6, 19, 11, 8, 18, 9, 8, 11, 5, 22, 4, 25, 0, 24, 12, 17, 23, 8, 19, 17, 26, 0, 2, 5, 29, 23, 2, 14, 24, 20, 23, 10, 2, 14, 27, 4, 26, 4, 28, 22, 28, 15, 29, 1, 28, 29, 16, 8, 26, 20, 8, 10, 4, 1, 27, 8] 
Time used: 0.003348 

Instances\p58 
Result: 58840 
Status of facilities: [1, 1, 1, 1, 1, 1, 1, 1, 1, 1, 1, 1, 1, 1, 1, 1, 1, 1, 1, 1, 1, 1, 1, 1, 1, 1, 1, 1, 1, 1] 
The assignment of customers to facilities: [19, 20, 1, 15, 9, 3, 8, 3, 6, 25, 9, 4, 10, 11, 9, 2, 7, 16, 16, 20, 16, 16, 4, 19, 17, 8, 7, 0, 3, 16, 4, 5, 7, 3, 2, 16, 7, 24, 24, 10, 1, 12, 12, 1, 3, 22, 12, 5, 22, 19, 17, 14, 24, 4, 17, 4, 5, 5, 14, 15, 17, 27, 13, 25, 15, 21, 5, 14, 9, 10, 18, 3, 2, 8, 0, 15, 16, 11, 3, 14, 5, 25, 11, 23, 20, 5, 15, 2, 24, 15, 9, 29, 0, 27, 29, 17, 20, 29, 11, 3, 6, 9, 19, 11, 27, 7, 1, 23, 13, 9, 25, 1, 29, 21, 7, 17, 18, 8, 14, 18, 0, 10, 10, 13, 28, 15, 21, 20, 8, 2, 23, 12, 12, 9, 16, 26, 5, 23, 14, 1, 2, 17, 19, 11, 6, 19, 11, 8, 18, 9, 8, 11, 5, 22, 4, 25, 0, 24, 12, 17, 23, 8, 19, 17, 26, 0, 2, 5, 29, 23, 2, 14, 24, 20, 23, 10, 2, 14, 27, 4, 26, 4, 28, 22, 28, 15, 29, 1, 28, 29, 16, 8, 26, 20, 8, 10, 4, 1, 27, 8] 
Time used: 0.003414 

Instances\p59 
Result: 50347 
Status of facilities: [0, 0, 1, 0, 1, 0, 1, 0, 0, 0, 1, 0, 1, 1, 1, 1, 1, 1, 1, 1, 1, 0, 0, 1, 1, 1, 1, 0, 1, 1] 
The assignment of customers to facilities: [23, 4, 28, 28, 28, 6, 6, 6, 6, 4, 29, 4, 4, 28, 4, 29, 28, 28, 23, 6, 17, 6, 4, 29, 17, 4, 18, 4, 28, 29, 4, 28, 23, 23, 4, 24, 18, 23, 24, 28, 28, 25, 28, 23, 23, 17, 4, 28, 29, 23, 17, 13, 28, 4, 17, 28, 29, 23, 18, 17, 17, 6, 4, 29, 4, 23, 29, 17, 19, 6, 29, 29, 17, 17, 6, 6, 17, 17, 6, 29, 23, 29, 23, 24, 24, 29, 4, 2, 23, 25, 18, 24, 17, 24, 25, 13, 18, 18, 13, 6, 2, 20, 19, 18, 25, 13, 24, 13, 13, 18, 25, 18, 16, 24, 18, 18, 18, 13, 13, 13, 25, 10, 10, 13, 24, 13, 25, 25, 2, 2, 24, 25, 24, 2, 24, 13, 18, 25, 24, 13, 2, 20, 19, 24, 25, 13, 2, 10, 10, 19, 12, 16, 16, 14, 2, 14, 25, 19, 24, 10, 25, 20, 19, 15, 26, 19, 2, 10, 19, 19, 2, 14, 26, 20, 10, 10, 10, 14, 14, 14, 19, 10, 23, 10, 26, 15, 14, 10, 2, 20, 16, 10, 26, 20, 12, 14, 26, 14, 14, 14] 
Time used: 0.003458 

Instances\p60 
Result: 28882 
Status of facilities: [1, 1, 1, 1, 1, 1, 1, 1, 1, 1, 1, 1, 1, 1, 1, 1, 1, 1, 1, 1, 1, 1, 1, 1, 1, 1, 1, 1, 1, 1] 
The assignment of customers to facilities: [19, 20, 1, 15, 9, 3, 8, 3, 6, 25, 9, 4, 10, 14, 9, 2, 7, 16, 16, 20, 16, 16, 4, 19, 17, 8, 7, 0, 3, 16, 4, 5, 7, 3, 2, 16, 7, 24, 24, 10, 1, 12, 12, 1, 3, 22, 12, 5, 22, 19, 17, 14, 24, 4, 17, 4, 5, 5, 14, 15, 17, 27, 13, 25, 15, 21, 5, 14, 9, 10, 20, 3, 2, 8, 0, 15, 16, 11, 3, 14, 5, 25, 11, 23, 20, 5, 15, 2, 24, 15, 9, 29, 0, 27, 29, 17, 20, 29, 11, 3, 6, 9, 19, 11, 27, 7, 1, 23, 13, 9, 25, 1, 29, 21, 7, 17, 18, 8, 11, 18, 0, 10, 10, 13, 28, 15, 21, 20, 8, 2, 23, 12, 12, 9, 16, 26, 5, 23, 14, 1, 2, 17, 19, 11, 6, 19, 11, 8, 18, 9, 8, 11, 5, 22, 4, 25, 0, 24, 12, 17, 23, 8, 19, 17, 26, 0, 2, 5, 29, 23, 2, 14, 24, 20, 23, 10, 2, 14, 27, 4, 26, 4, 28, 22, 28, 15, 29, 1, 28, 29, 16, 8, 26, 18, 8, 10, 4, 1, 27, 8] 
Time used: 0.003278 

Instances\p61 
Result: 38310 
Status of facilities: [1, 1, 1, 1, 1, 1, 1, 1, 1, 1, 1, 1, 1, 1, 1, 1, 1, 1, 1, 1, 1, 1, 1, 1, 1, 1, 1, 1, 1, 1] 
The assignment of customers to facilities: [19, 20, 1, 15, 9, 3, 8, 3, 6, 25, 9, 4, 10, 14, 9, 2, 7, 16, 16, 20, 16, 16, 4, 19, 17, 8, 7, 0, 3, 16, 4, 5, 22, 3, 2, 16, 7, 24, 24, 10, 1, 12, 12, 1, 3, 7, 12, 5, 22, 19, 17, 14, 24, 4, 17, 4, 5, 5, 14, 15, 17, 27, 13, 25, 15, 21, 5, 14, 9, 10, 18, 3, 2, 8, 0, 15, 16, 11, 3, 14, 5, 25, 11, 23, 20, 5, 15, 2, 24, 15, 9, 29, 0, 27, 29, 17, 20, 29, 11, 3, 6, 9, 19, 11, 27, 7, 1, 23, 13, 9, 25, 1, 29, 21, 7, 17, 18, 8, 11, 18, 0, 10, 10, 13, 28, 15, 21, 20, 8, 2, 23, 12, 12, 9, 16, 26, 5, 23, 14, 1, 2, 17, 19, 11, 6, 19, 11, 8, 18, 9, 8, 11, 5, 22, 4, 25, 0, 24, 12, 17, 23, 8, 19, 17, 26, 0, 2, 5, 29, 23, 2, 14, 24, 20, 23, 10, 2, 14, 27, 4, 26, 4, 28, 22, 28, 15, 29, 1, 28, 29, 16, 8, 26, 20, 8, 10, 4, 1, 27, 8] 
Time used: 0.003430 

Instances\p62 
Result: 58486 
Status of facilities: [1, 1, 1, 1, 1, 1, 1, 1, 1, 1, 1, 1, 1, 1, 1, 1, 1, 1, 1, 1, 1, 1, 1, 1, 1, 1, 1, 1, 1, 1] 
The assignment of customers to facilities: [19, 20, 1, 15, 9, 3, 8, 3, 6, 25, 9, 4, 10, 14, 9, 2, 7, 16, 16, 20, 16, 16, 4, 19, 17, 8, 7, 0, 3, 29, 4, 5, 7, 3, 2, 16, 7, 24, 24, 10, 1, 12, 12, 1, 3, 22, 12, 5, 22, 19, 17, 14, 24, 4, 17, 4, 5, 5, 14, 15, 17, 27, 13, 25, 15, 21, 5, 14, 9, 10, 18, 3, 2, 8, 0, 15, 16, 11, 3, 14, 5, 25, 11, 23, 20, 5, 15, 2, 24, 15, 9, 29, 0, 27, 16, 17, 20, 29, 11, 3, 6, 9, 19, 11, 27, 7, 1, 23, 13, 9, 25, 1, 29, 21, 7, 17, 18, 8, 11, 18, 0, 10, 10, 13, 28, 15, 21, 20, 8, 2, 23, 12, 12, 9, 16, 26, 5, 23, 14, 1, 2, 17, 19, 11, 6, 19, 11, 8, 18, 9, 8, 11, 5, 22, 4, 25, 0, 24, 12, 17, 23, 8, 19, 17, 26, 0, 2, 5, 29, 23, 2, 14, 24, 20, 23, 10, 2, 14, 27, 4, 26, 4, 28, 22, 28, 15, 29, 1, 28, 29, 16, 8, 26, 20, 8, 10, 4, 1, 27, 8] 
Time used: 0.003179 

Instances\p63 
Result: 44540 
Status of facilities: [0, 0, 1, 0, 1, 0, 1, 0, 0, 0, 1, 0, 0, 1, 0, 0, 0, 1, 1, 1, 1, 0, 0, 1, 1, 1, 0, 0, 1, 1] 
The assignment of customers to facilities: [23, 4, 28, 28, 28, 6, 6, 6, 6, 4, 29, 4, 4, 28, 4, 29, 28, 28, 23, 6, 17, 6, 4, 29, 17, 4, 18, 4, 28, 29, 4, 28, 23, 23, 4, 24, 18, 23, 24, 28, 28, 25, 28, 23, 23, 17, 4, 28, 29, 23, 17, 13, 28, 4, 17, 28, 29, 23, 28, 28, 17, 6, 4, 29, 4, 4, 29, 17, 23, 4, 28, 28, 17, 17, 28, 6, 17, 17, 4, 29, 28, 29, 23, 23, 23, 17, 4, 6, 6, 6, 29, 29, 17, 17, 29, 17, 6, 29, 23, 29, 6, 17, 6, 4, 6, 6, 17, 23, 13, 17, 25, 17, 29, 17, 4, 4, 18, 29, 23, 6, 25, 29, 29, 13, 23, 23, 29, 25, 23, 6, 23, 23, 24, 2, 24, 13, 18, 25, 18, 18, 2, 20, 19, 18, 25, 13, 2, 24, 18, 18, 25, 18, 24, 24, 24, 24, 29, 24, 24, 18, 18, 20, 19, 18, 18, 13, 25, 24, 25, 13, 13, 13, 24, 24, 25, 13, 24, 18, 18, 13, 25, 18, 10, 18, 18, 13, 25, 24, 25, 24, 18, 25, 24, 24, 25, 10, 2, 13, 13, 13] 
Time used: 0.003382 

Instances\p64 
Result: 28689 
Status of facilities: [1, 1, 1, 1, 1, 1, 1, 1, 1, 1, 1, 1, 1, 1, 1, 1, 1, 1, 1, 1, 1, 1, 1, 1, 1, 1, 1, 1, 1, 1] 
The assignment of customers to facilities: [19, 20, 1, 15, 9, 3, 8, 3, 6, 25, 9, 4, 10, 14, 9, 2, 7, 16, 16, 20, 16, 16, 4, 19, 17, 8, 7, 0, 3, 16, 4, 5, 7, 24, 2, 16, 7, 24, 24, 10, 1, 12, 12, 1, 3, 22, 12, 5, 22, 19, 17, 14, 3, 4, 17, 4, 5, 5, 14, 15, 17, 27, 13, 25, 15, 21, 5, 14, 9, 10, 18, 3, 2, 8, 0, 15, 16, 11, 3, 14, 5, 25, 11, 23, 20, 5, 15, 2, 24, 15, 9, 29, 0, 27, 29, 17, 20, 29, 11, 3, 6, 9, 19, 11, 27, 7, 1, 23, 13, 9, 25, 1, 29, 21, 7, 17, 18, 8, 11, 18, 0, 10, 10, 13, 28, 15, 21, 20, 8, 2, 23, 12, 12, 9, 16, 26, 5, 23, 14, 1, 2, 17, 19, 11, 6, 19, 11, 8, 18, 9, 8, 11, 5, 22, 4, 25, 0, 24, 12, 17, 23, 8, 19, 17, 26, 0, 2, 5, 29, 23, 2, 14, 24, 20, 23, 10, 2, 14, 27, 4, 26, 4, 28, 22, 28, 15, 29, 1, 28, 29, 16, 8, 26, 20, 8, 10, 4, 1, 27, 8] 
Time used: 0.003186 

Instances\p65 
Result: 38013 
Status of facilities: [1, 1, 1, 1, 1, 1, 1, 1, 1, 1, 1, 1, 1, 1, 1, 1, 1, 1, 1, 1, 1, 1, 1, 1, 1, 1, 1, 1, 1, 1] 
The assignment of customers to facilities: [19, 20, 1, 15, 9, 3, 8, 3, 6, 25, 9, 4, 10, 14, 9, 2, 7, 16, 16, 20, 16, 16, 4, 19, 17, 8, 7, 0, 3, 16, 4, 5, 7, 3, 2, 16, 7, 24, 24, 10, 1, 12, 12, 1, 3, 22, 12, 5, 22, 19, 17, 14, 24, 4, 17, 4, 5, 13, 14, 15, 17, 27, 13, 25, 15, 21, 5, 14, 9, 10, 18, 3, 2, 8, 0, 15, 16, 11, 3, 14, 5, 25, 11, 23, 20, 5, 15, 2, 24, 15, 9, 29, 0, 27, 29, 17, 20, 29, 11, 3, 6, 9, 19, 11, 27, 7, 1, 23, 5, 9, 25, 1, 29, 21, 7, 17, 18, 8, 11, 18, 0, 10, 10, 13, 28, 15, 21, 20, 8, 2, 23, 12, 12, 9, 16, 26, 5, 23, 14, 1, 2, 17, 19, 11, 6, 19, 11, 8, 18, 9, 8, 11, 5, 22, 4, 25, 0, 24, 12, 17, 23, 8, 19, 17, 26, 0, 2, 5, 29, 23, 2, 14, 24, 20, 23, 10, 2, 14, 27, 4, 26, 4, 28, 22, 28, 15, 29, 1, 28, 29, 16, 8, 26, 20, 8, 10, 4, 1, 27, 8] 
Time used: 0.003358 

Instances\p66 
Result: 58869 
Status of facilities: [1, 1, 1, 1, 1, 1, 1, 1, 1, 1, 1, 1, 1, 1, 1, 1, 1, 1, 1, 1, 1, 1, 1, 1, 1, 1, 1, 1, 1, 1] 
The assignment of customers to facilities: [19, 20, 1, 15, 9, 3, 8, 3, 6, 25, 9, 4, 10, 14, 9, 2, 7, 16, 16, 20, 16, 16, 4, 19, 17, 8, 7, 0, 3, 16, 4, 5, 7, 3, 2, 16, 7, 24, 24, 10, 1, 12, 12, 1, 3, 22, 12, 5, 22, 19, 17, 14, 24, 4, 17, 4, 5, 5, 14, 15, 17, 27, 13, 25, 15, 21, 5, 14, 9, 10, 18, 3, 2, 8, 0, 15, 16, 11, 3, 14, 5, 25, 11, 23, 20, 5, 15, 2, 24, 15, 9, 29, 0, 27, 29, 17, 20, 29, 11, 3, 6, 9, 19, 11, 27, 7, 1, 23, 13, 9, 25, 1, 29, 21, 7, 17, 18, 8, 11, 18, 0, 10, 10, 13, 28, 15, 21, 20, 8, 2, 23, 12, 12, 9, 16, 26, 5, 23, 14, 1, 2, 17, 19, 11, 6, 19, 11, 8, 18, 1, 8, 11, 5, 22, 4, 25, 0, 24, 12, 17, 23, 8, 19, 17, 26, 0, 2, 5, 29, 23, 2, 14, 24, 20, 23, 10, 2, 14, 27, 4, 26, 4, 28, 22, 28, 15, 29, 1, 28, 29, 16, 8, 26, 20, 8, 10, 4, 9, 27, 8] 
Time used: 0.003525 

Instances\p67 
Result: 46904 
Status of facilities: [0, 0, 1, 0, 1, 0, 1, 0, 0, 0, 1, 0, 0, 1, 1, 0, 0, 1, 1, 0, 0, 0, 0, 1, 1, 1, 0, 1, 1, 1] 
The assignment of customers to facilities: [4, 4, 6, 4, 6, 6, 6, 6, 6, 4, 29, 4, 4, 29, 4, 29, 28, 6, 6, 6, 13, 6, 4, 29, 17, 4, 29, 4, 28, 6, 4, 4, 13, 29, 4, 24, 29, 29, 24, 6, 28, 4, 29, 6, 4, 4, 4, 4, 29, 13, 17, 13, 28, 4, 4, 28, 29, 29, 28, 28, 17, 6, 13, 29, 13, 4, 29, 6, 6, 6, 29, 29, 13, 29, 6, 29, 13, 24, 13, 29, 28, 29, 29, 23, 23, 28, 6, 17, 24, 28, 28, 28, 13, 24, 28, 28, 24, 13, 13, 28, 23, 23, 28, 17, 28, 13, 28, 23, 13, 28, 25, 17, 28, 24, 28, 17, 18, 13, 13, 13, 25, 10, 23, 17, 24, 13, 25, 17, 17, 23, 23, 13, 23, 23, 17, 23, 17, 23, 18, 17, 23, 17, 17, 17, 25, 25, 23, 23, 18, 18, 25, 18, 24, 23, 17, 24, 18, 24, 24, 18, 23, 24, 25, 18, 18, 25, 25, 24, 25, 23, 2, 14, 24, 24, 25, 18, 24, 18, 24, 25, 18, 18, 10, 18, 18, 25, 25, 24, 25, 17, 18, 25, 24, 2, 10, 18, 2, 18, 27, 25] 
Time used: 0.003683 

Instances\p68 
Result: 28853 
Status of facilities: [1, 1, 1, 1, 1, 1, 1, 1, 1, 1, 1, 1, 1, 1, 1, 1, 1, 1, 1, 1, 1, 1, 1, 1, 1, 1, 1, 1, 1, 1] 
The assignment of customers to facilities: [19, 20, 1, 15, 9, 3, 8, 3, 6, 25, 9, 4, 10, 14, 9, 2, 7, 16, 16, 20, 16, 16, 4, 19, 17, 8, 7, 0, 3, 16, 4, 5, 7, 3, 2, 16, 7, 24, 24, 10, 1, 12, 12, 1, 3, 22, 12, 5, 22, 19, 17, 14, 24, 4, 17, 4, 5, 5, 14, 15, 17, 27, 13, 25, 15, 21, 5, 14, 9, 10, 18, 3, 2, 8, 0, 15, 16, 11, 3, 14, 5, 25, 11, 23, 20, 5, 15, 2, 24, 15, 9, 29, 0, 27, 29, 17, 20, 29, 11, 3, 6, 9, 19, 11, 27, 7, 1, 23, 13, 9, 25, 1, 29, 21, 7, 17, 18, 8, 11, 18, 0, 10, 10, 13, 28, 15, 21, 20, 8, 2, 23, 12, 12, 9, 16, 26, 5, 23, 14, 1, 2, 17, 19, 11, 6, 19, 11, 8, 18, 9, 8, 11, 5, 22, 4, 25, 0, 24, 12, 17, 23, 8, 19, 17, 26, 0, 2, 5, 29, 23, 2, 14, 24, 20, 23, 8, 2, 14, 27, 4, 26, 4, 28, 22, 28, 15, 29, 1, 28, 29, 16, 10, 26, 20, 8, 10, 4, 1, 27, 8] 
Time used: 0.003846 

Instances\p69 
Result: 38264 
Status of facilities: [1, 1, 1, 1, 1, 1, 1, 1, 1, 1, 1, 1, 1, 1, 1, 1, 1, 1, 1, 1, 1, 1, 1, 1, 1, 1, 1, 1, 1, 1] 
The assignment of customers to facilities: [19, 20, 1, 15, 9, 3, 8, 3, 6, 25, 9, 4, 10, 14, 9, 2, 7, 16, 16, 20, 16, 16, 4, 19, 17, 8, 7, 0, 3, 16, 4, 5, 7, 3, 2, 16, 7, 24, 24, 10, 1, 12, 12, 1, 3, 22, 12, 5, 22, 19, 17, 14, 24, 4, 17, 4, 5, 7, 14, 15, 17, 27, 13, 25, 15, 21, 5, 14, 9, 10, 18, 3, 2, 8, 0, 15, 16, 11, 3, 14, 5, 25, 11, 23, 20, 5, 15, 2, 24, 15, 9, 29, 0, 27, 29, 17, 20, 29, 11, 3, 6, 9, 19, 11, 27, 5, 1, 23, 13, 9, 25, 1, 29, 21, 7, 17, 18, 8, 11, 18, 0, 10, 10, 13, 28, 15, 21, 20, 8, 2, 23, 12, 12, 9, 16, 26, 5, 23, 14, 1, 2, 17, 19, 11, 6, 19, 11, 8, 18, 9, 8, 11, 5, 22, 4, 25, 0, 24, 12, 17, 23, 8, 19, 17, 26, 0, 2, 5, 29, 23, 2, 14, 24, 20, 23, 10, 2, 14, 27, 4, 26, 4, 28, 22, 28, 15, 29, 1, 28, 29, 16, 8, 26, 20, 8, 10, 4, 1, 27, 8] 
Time used: 0.005314 

Instances\p70 
Result: 59110 
Status of facilities: [1, 1, 1, 1, 1, 1, 1, 1, 1, 1, 1, 1, 1, 1, 1, 1, 1, 1, 1, 1, 1, 1, 1, 1, 1, 1, 1, 1, 1, 1] 
The assignment of customers to facilities: [19, 20, 1, 15, 9, 3, 8, 3, 6, 25, 9, 4, 10, 14, 9, 2, 7, 16, 16, 20, 16, 16, 4, 19, 17, 8, 7, 0, 3, 16, 4, 5, 7, 3, 2, 16, 7, 24, 24, 10, 1, 12, 12, 1, 3, 22, 12, 5, 22, 19, 17, 14, 24, 10, 17, 4, 5, 5, 14, 15, 17, 27, 13, 25, 15, 21, 5, 14, 9, 10, 18, 3, 2, 8, 0, 15, 16, 11, 3, 14, 5, 25, 11, 23, 20, 5, 15, 2, 24, 15, 9, 29, 0, 27, 29, 17, 20, 29, 11, 3, 6, 9, 19, 11, 27, 7, 1, 23, 13, 9, 25, 1, 29, 21, 7, 17, 18, 8, 11, 18, 0, 10, 10, 13, 28, 15, 21, 20, 8, 2, 23, 12, 12, 9, 16, 26, 5, 23, 14, 1, 2, 17, 19, 11, 6, 19, 11, 8, 18, 9, 8, 11, 5, 22, 4, 25, 0, 24, 12, 17, 23, 8, 19, 17, 26, 0, 2, 5, 29, 23, 2, 14, 24, 20, 23, 10, 2, 14, 27, 4, 26, 4, 28, 22, 28, 15, 29, 1, 28, 29, 16, 8, 26, 20, 8, 4, 4, 1, 27, 8] 
Time used: 0.003621 

Instances\p71 
Result: 49310 
Status of facilities: [0, 0, 1, 0, 1, 0, 1, 0, 0, 0, 1, 0, 0, 1, 1, 1, 1, 1, 1, 1, 1, 0, 0, 1, 1, 1, 1, 0, 1, 1] 
The assignment of customers to facilities: [23, 4, 28, 28, 28, 6, 6, 6, 6, 4, 29, 4, 4, 28, 4, 29, 28, 28, 23, 6, 17, 6, 4, 29, 17, 4, 18, 4, 28, 29, 4, 28, 23, 23, 4, 24, 18, 23, 24, 28, 28, 25, 28, 23, 23, 17, 4, 28, 29, 23, 17, 13, 28, 4, 17, 28, 29, 23, 18, 17, 17, 6, 4, 29, 4, 4, 29, 17, 23, 6, 29, 29, 17, 17, 6, 6, 17, 17, 6, 29, 23, 29, 23, 23, 23, 17, 4, 6, 24, 25, 29, 29, 17, 29, 25, 13, 18, 18, 13, 6, 2, 20, 19, 18, 25, 13, 24, 13, 13, 18, 25, 18, 16, 24, 18, 18, 18, 13, 13, 18, 25, 10, 10, 13, 24, 13, 25, 25, 2, 2, 24, 25, 24, 2, 24, 13, 18, 25, 18, 18, 2, 20, 19, 18, 25, 13, 2, 24, 13, 24, 25, 13, 24, 24, 24, 2, 18, 24, 24, 18, 25, 20, 19, 13, 25, 25, 2, 10, 19, 13, 2, 14, 13, 20, 10, 10, 2, 14, 14, 24, 25, 10, 10, 10, 10, 15, 2, 10, 2, 20, 16, 10, 26, 2, 10, 10, 2, 14, 2, 2] 
Time used: 0.003395 

